﻿Дата платежа;Сумма;Сумма с учетом инфляции;Погашение основного долга;Выплата процентов;Остаток
18.05.2012;55 325,83;55 325,83;5 522,55;49 803,28;4 894 477,45
18.06.2012;55 325,83;55 325,83;3 920,44;51 405,39;4 890 557,01
18.07.2012;55 325,83;55 325,83;5 618,53;49 707,30;4 884 938,48
18.08.2012;55 325,83;55 325,83;4 020,63;51 305,20;4 880 917,85
18.09.2012;55 325,83;55 325,83;4 062,86;51 262,97;4 876 854,99
18.10.2012;55 325,83;55 325,83;5 757,80;49 568,03;4 871 097,19
18.11.2012;55 325,83;55 325,83;4 166,00;51 159,83;4 866 931,19
18.12.2012;55 325,83;55 325,83;5 858,66;49 467,17;4 861 072,53
18.01.2013;55 325,83;55 325,83;4 190,07;51 135,76;4 856 882,46
18.02.2013;55 325,83;55 325,83;4 175,54;51 150,29;4 852 706,92
18.03.2013;55 325,83;55 325,83;9 165,29;46 160,54;4 843 541,63
18.04.2013;55 325,83;55 325,83;4 316,04;51 009,79;4 839 225,59
18.05.2013;55 325,83;55 325,83;6 005,50;49 320,33;4 833 220,09
18.06.2013;55 325,83;55 325,83;4 424,74;50 901,09;4 828 795,35
18.07.2013;55 325,83;55 325,83;6 111,81;49 214,02;4 822 683,54
18.08.2013;55 325,83;55 325,83;4 535,71;50 790,12;4 818 147,83
18.09.2013;55 325,83;55 325,83;4 583,47;50 742,36;4 813 564,36
18.10.2013;55 325,83;55 325,83;6 267,04;49 058,79;4 807 297,32
18.11.2013;55 325,83;55 325,83;4 697,75;50 628,08;4 802 599,57
18.12.2013;55 325,83;55 325,83;6 378,79;48 947,04;4 796 220,78
18.01.2014;55 325,83;55 325,83;4 814,40;50 511,43;4 791 406,38
18.02.2014;55 325,83;55 325,83;4 865,10;50 460,73;4 786 541,28
18.03.2014;55 325,83;55 325,83;9 794,68;45 531,15;4 776 746,60
18.04.2014;55 325,83;55 325,83;5 019,49;50 306,34;4 771 727,11
18.05.2014;55 325,83;55 325,83;6 693,43;48 632,40;4 765 033,68
18.06.2014;55 325,83;55 325,83;5 142,85;50 182,98;4 759 890,83
18.07.2014;55 325,83;55 325,83;6 814,07;48 511,76;4 753 076,76
18.08.2014;55 325,83;55 325,83;5 268,77;50 057,06;4 747 807,99
18.09.2014;55 325,83;55 325,83;5 324,26;50 001,57;4 742 483,73
18.10.2014;55 325,83;55 325,83;6 991,48;48 334,35;4 735 492,25
18.11.2014;55 325,83;55 325,83;5 453,96;49 871,87;4 730 038,29
18.12.2014;55 325,83;55 325,83;7 118,32;48 207,51;4 722 919,97
18.01.2015;55 325,83;55 325,83;5 586,37;49 739,46;4 717 333,60
18.02.2015;55 325,83;55 325,83;5 645,20;49 680,63;4 711 688,40
18.03.2015;55 325,83;55 325,83;10 506,70;44 819,13;4 701 181,70
18.04.2015;55 325,83;55 325,83;5 815,30;49 510,53;4 695 366,40
18.05.2015;55 325,83;55 325,83;7 471,68;47 854,15;4 687 894,72
18.06.2015;55 325,83;55 325,83;5 955,23;49 370,60;4 681 939,49
18.07.2015;55 325,83;55 325,83;7 608,53;47 717,30;4 674 330,96
18.08.2015;55 325,83;55 325,83;6 098,08;49 227,75;4 668 232,88
18.09.2015;55 325,83;55 325,83;6 162,30;49 163,53;4 662 070,58
18.10.2015;55 325,83;55 325,83;7 811,03;47 514,80;4 654 259,55
18.11.2015;55 325,83;55 325,83;6 309,46;49 016,37;4 647 950,09
18.12.2015;55 325,83;55 325,83;7 954,94;47 370,89;4 639 995,15
15.01.2016;800 000,00;800 000,00;755 927,45;44 072,55;3 884 067,70
18.01.2016;3 947,74;3 947,74;0,00;3 947,74;3 884 067,70
18.02.2016;46 383,50;46 383,50;5 590,18;40 793,32;3 878 477,52
18.02.2016;10 000,00;10 000,00;10 000,00;0,00;3 868 477,52
18.03.2016;46 271,76;46 271,76;8 263,44;38 008,32;3 860 214,08
18.04.2016;46 271,76;46 271,76;5 728,97;40 542,79;3 854 485,11
18.05.2016;46 271,76;46 271,76;7 095,03;39 176,73;3 847 390,08
18.06.2016;46 271,76;46 271,76;5 863,65;40 408,11;3 841 526,43
18.07.2016;46 271,76;46 271,76;7 226,74;39 045,02;3 834 299,69
18.08.2016;46 271,76;46 271,76;6 001,14;40 270,62;3 828 298,55
18.09.2016;46 271,76;46 271,76;6 064,17;40 207,59;3 822 234,38
18.10.2016;46 271,76;46 271,76;7 422,82;38 848,94;3 814 811,56
18.11.2016;46 271,76;46 271,76;6 205,82;40 065,94;3 808 605,74
18.12.2016;46 271,76;46 271,76;7 561,34;38 710,42;3 801 044,40
18.01.2017;46 271,76;46 271,76;6 286,90;39 984,86;3 794 757,50
18.02.2017;46 271,76;46 271,76;6 307,25;39 964,51;3 788 450,25
18.03.2017;46 271,76;46 271,76;10 234,78;36 036,98;3 778 215,47
18.04.2017;46 271,76;46 271,76;6 481,46;39 790,30;3 771 734,01
18.05.2017;46 271,76;46 271,76;7 831,07;38 440,69;3 763 902,94
18.06.2017;46 271,76;46 271,76;6 632,19;39 639,57;3 757 270,75
18.07.2017;46 271,76;46 271,76;7 978,48;38 293,28;3 749 292,27
18.08.2017;46 271,76;46 271,76;6 786,06;39 485,70;3 742 506,21
18.09.2017;46 271,76;46 271,76;6 857,53;39 414,23;3 735 648,68
18.10.2017;46 271,76;46 271,76;8 198,85;38 072,91;3 727 449,83
18.11.2017;46 271,76;46 271,76;7 016,10;39 255,66;3 720 433,73
18.12.2017;46 271,76;46 271,76;8 353,91;37 917,85;3 712 079,82
18.01.2018;46 271,76;46 271,76;7 177,97;39 093,79;3 704 901,85
18.02.2018;46 271,76;46 271,76;7 253,56;39 018,20;3 697 648,29
18.03.2018;46 271,76;46 271,76;11 098,51;35 173,25;3 686 549,78
18.04.2018;46 271,76;46 271,76;7 446,84;38 824,92;3 679 102,94
18.05.2018;46 271,76;46 271,76;8 775,15;37 496,61;3 670 327,79
18.06.2018;46 271,76;46 271,76;7 617,68;38 654,08;3 662 710,11
18.07.2018;46 271,76;46 271,76;8 942,22;37 329,54;3 653 767,89
18.08.2018;46 271,76;46 271,76;7 792,08;38 479,68;3 645 975,81
18.09.2018;46 271,76;46 271,76;7 874,14;38 397,62;3 638 101,67
18.10.2018;46 271,76;46 271,76;9 193,03;37 078,73;3 628 908,64
18.11.2018;46 271,76;46 271,76;8 053,88;38 217,88;3 620 854,76
18.12.2018;46 271,76;46 271,76;9 368,80;36 902,96;3 611 485,96
18.01.2019;46 271,76;46 271,76;8 237,37;38 034,39;3 603 248,59
18.02.2019;46 271,76;46 271,76;8 324,12;37 947,64;3 594 924,47
18.03.2019;46 271,76;46 271,76;12 075,66;34 196,10;3 582 848,81
18.04.2019;46 271,76;46 271,76;8 538,96;37 732,80;3 574 309,85
18.05.2019;46 271,76;46 271,76;9 843,18;36 428,58;3 564 466,67
18.06.2019;46 271,76;46 271,76;8 732,55;37 539,21;3 555 734,12
18.07.2019;46 271,76;46 271,76;10 032,50;36 239,26;3 545 701,62
18.08.2019;46 271,76;46 271,76;8 930,18;37 341,58;3 536 771,44
18.09.2019;46 271,76;46 271,76;9 024,23;37 247,53;3 527 747,21
18.10.2019;46 271,76;46 271,76;10 317,73;35 954,03;3 517 429,48
18.11.2019;46 271,76;46 271,76;9 227,93;37 043,83;3 508 201,55
18.12.2019;46 271,76;46 271,76;10 516,94;35 754,82;3 497 684,61
18.01.2020;46 271,76;46 271,76;9 494,31;36 777,45;3 488 190,30
18.02.2020;46 271,76;46 271,76;9 636,23;36 635,53;3 478 554,07
18.03.2020;46 271,76;46 271,76;12 094,49;34 177,27;3 466 459,58
18.04.2020;46 271,76;46 271,76;9 864,46;36 407,30;3 456 595,12
18.05.2020;46 271,76;46 271,76;11 139,15;35 132,61;3 445 455,97
18.06.2020;46 271,76;46 271,76;10 085,06;36 186,70;3 435 370,91
18.07.2020;46 271,76;46 271,76;11 354,88;34 916,88;3 424 016,03
18.08.2020;46 271,76;46 271,76;10 310,24;35 961,52;3 413 705,79
18.09.2020;46 271,76;46 271,76;10 418,52;35 853,24;3 403 287,27
18.10.2020;46 271,76;46 271,76;11 680,97;34 590,79;3 391 606,30
18.11.2020;46 271,76;46 271,76;10 650,63;35 621,13;3 380 955,67
18.12.2020;46 271,76;46 271,76;11 907,95;34 363,81;3 369 047,72
18.01.2021;46 271,76;46 271,76;10 831,26;35 440,50;3 358 216,46
18.02.2021;46 271,76;46 271,76;10 904,68;35 367,08;3 347 311,78
18.03.2021;46 271,76;46 271,76;14 431,03;31 840,73;3 332 880,75
18.04.2021;46 271,76;46 271,76;11 171,50;35 100,26;3 321 709,25
18.05.2021;46 271,76;46 271,76;12 417,63;33 854,13;3 309 291,62
18.06.2021;46 271,76;46 271,76;11 419,93;34 851,83;3 297 871,69
18.07.2021;46 271,76;46 271,76;12 660,57;33 611,19;3 285 211,12
18.08.2021;46 271,76;46 271,76;11 673,54;34 598,22;3 273 537,58
18.09.2021;46 271,76;46 271,76;11 796,48;34 475,28;3 261 741,10
18.10.2021;46 271,76;46 271,76;13 028,81;33 242,95;3 248 712,29
18.11.2021;46 271,76;46 271,76;12 057,92;34 213,84;3 236 654,37
18.12.2021;46 271,76;46 271,76;13 284,49;32 987,27;3 223 369,88
18.01.2022;46 271,76;46 271,76;12 324,82;33 946,94;3 211 045,06
18.02.2022;46 271,76;46 271,76;12 454,62;33 817,14;3 198 590,44
18.03.2022;46 271,76;46 271,76;15 845,72;30 426,04;3 182 744,72
18.04.2022;46 271,76;46 271,76;12 752,66;33 519,10;3 169 992,06
18.05.2022;46 271,76;46 271,76;13 963,90;32 307,86;3 156 028,16
18.06.2022;46 271,76;46 271,76;13 034,03;33 237,73;3 142 994,13
18.07.2022;46 271,76;46 271,76;14 239,05;32 032,71;3 128 755,08
18.08.2022;46 271,76;46 271,76;13 321,25;32 950,51;3 115 433,83
18.09.2022;46 271,76;46 271,76;13 461,55;32 810,21;3 101 972,28
18.10.2022;46 271,76;46 271,76;14 657,14;31 614,62;3 087 315,14
18.11.2022;46 271,76;46 271,76;13 757,68;32 514,08;3 073 557,46
18.12.2022;46 271,76;46 271,76;14 946,74;31 325,02;3 058 610,72
18.01.2023;46 271,76;46 271,76;14 059,98;32 211,78;3 044 550,74
18.02.2023;46 271,76;46 271,76;14 208,05;32 063,71;3 030 342,69
18.03.2023;46 271,76;46 271,76;17 446,14;28 825,62;3 012 896,55
18.04.2023;46 271,76;46 271,76;14 541,42;31 730,34;2 998 355,13
18.05.2023;46 271,76;46 271,76;15 713,18;30 558,58;2 982 641,95
18.06.2023;46 271,76;46 271,76;14 860,05;31 411,71;2 967 781,90
18.07.2023;46 271,76;46 271,76;16 024,78;30 246,98;2 951 757,12
18.08.2023;46 271,76;46 271,76;15 185,31;31 086,45;2 936 571,81
18.09.2023;46 271,76;46 271,76;15 345,23;30 926,53;2 921 226,58
18.10.2023;46 271,76;46 271,76;16 499,26;29 772,50;2 904 727,32
18.11.2023;46 271,76;46 271,76;15 680,60;30 591,16;2 889 046,72
18.12.2023;46 271,76;46 271,76;16 827,23;29 444,53;2 872 219,49
18.01.2024;46 271,76;46 271,76;16 070,95;30 200,81;2 856 148,54
18.02.2024;46 271,76;46 271,76;16 274,40;29 997,36;2 839 874,14
18.03.2024;46 271,76;46 271,76;18 369,61;27 902,15;2 821 504,53
18.04.2024;46 271,76;46 271,76;16 638,25;29 633,51;2 804 866,28
18.05.2024;46 271,76;46 271,76;17 763,28;28 508,48;2 787 103,00
18.06.2024;46 271,76;46 271,76;16 999,56;29 272,20;2 770 103,44
18.07.2024;46 271,76;46 271,76;18 116,61;28 155,15;2 751 986,83
18.08.2024;46 271,76;46 271,76;17 368,38;28 903,38;2 734 618,45
18.09.2024;46 271,76;46 271,76;17 550,79;28 720,97;2 717 067,66
18.10.2024;46 271,76;46 271,76;18 655,66;27 616,10;2 698 412,00
18.11.2024;46 271,76;46 271,76;17 931,06;28 340,70;2 680 480,94
18.12.2024;46 271,76;46 271,76;19 027,53;27 244,23;2 661 453,41
18.01.2025;46 271,76;46 271,76;18 274,76;27 997,00;2 643 178,65
18.02.2025;46 271,76;46 271,76;18 435,11;27 836,65;2 624 743,54
18.03.2025;46 271,76;46 271,76;21 304,34;24 967,42;2 603 439,20
18.04.2025;46 271,76;46 271,76;18 853,62;27 418,14;2 584 585,58
18.05.2025;46 271,76;46 271,76;19 930,23;26 341,53;2 564 655,35
18.06.2025;46 271,76;46 271,76;19 262,07;27 009,69;2 545 393,28
18.07.2025;46 271,76;46 271,76;20 329,67;25 942,09;2 525 063,61
18.08.2025;46 271,76;46 271,76;19 679,04;26 592,72;2 505 384,57
18.09.2025;46 271,76;46 271,76;19 886,29;26 385,47;2 485 498,28
18.10.2025;46 271,76;46 271,76;20 940,11;25 331,65;2 464 558,17
18.11.2025;46 271,76;46 271,76;20 316,25;25 955,51;2 444 241,92
18.12.2025;46 271,76;46 271,76;21 360,58;24 911,18;2 422 881,34
18.01.2026;46 271,76;46 271,76;20 755,16;25 516,60;2 402 126,18
18.02.2026;46 271,76;46 271,76;20 973,75;25 298,01;2 381 152,43
18.03.2026;46 271,76;46 271,76;23 621,46;22 650,30;2 357 530,97
18.04.2026;46 271,76;46 271,76;21 443,41;24 828,35;2 336 087,56
18.05.2026;46 271,76;46 271,76;22 462,87;23 808,89;2 313 624,69
18.06.2026;46 271,76;46 271,76;21 905,81;24 365,95;2 291 718,88
18.07.2026;46 271,76;46 271,76;22 915,06;23 356,70;2 268 803,82
18.08.2026;46 271,76;46 271,76;22 377,84;23 893,92;2 246 425,98
18.09.2026;46 271,76;46 271,76;22 613,51;23 658,25;2 223 812,47
18.10.2026;46 271,76;46 271,76;23 607,15;22 664,61;2 200 205,32
18.11.2026;46 271,76;46 271,76;23 100,28;23 171,48;2 177 105,04
18.12.2026;46 271,76;46 271,76;24 083,18;22 188,58;2 153 021,86
18.01.2027;46 271,76;46 271,76;23 597,19;22 674,57;2 129 424,67
18.02.2027;46 271,76;46 271,76;23 845,71;22 426,05;2 105 578,96
18.03.2027;46 271,76;46 271,76;26 242,80;20 028,96;2 079 336,16
18.04.2027;46 271,76;46 271,76;24 373,22;21 898,54;2 054 962,94
18.05.2027;46 271,76;46 271,76;25 328,03;20 943,73;2 029 634,91
18.06.2027;46 271,76;46 271,76;24 896,65;21 375,11;2 004 738,26
18.07.2027;46 271,76;46 271,76;25 839,91;20 431,85;1 978 898,35
18.08.2027;46 271,76;46 271,76;25 430,98;20 840,78;1 953 467,37
18.09.2027;46 271,76;46 271,76;25 698,81;20 572,95;1 927 768,56
18.10.2027;46 271,76;46 271,76;26 624,37;19 647,39;1 901 144,19
18.11.2027;46 271,76;46 271,76;26 249,85;20 021,91;1 874 894,34
18.12.2027;46 271,76;46 271,76;27 163,25;19 108,51;1 847 731,09
18.01.2028;46 271,76;46 271,76;26 843,24;19 428,52;1 820 887,85
18.02.2028;46 271,76;46 271,76;27 147,46;19 124,30;1 793 740,39
18.03.2028;46 271,76;46 271,76;28 648,02;17 623,74;1 765 092,37
18.04.2028;46 271,76;46 271,76;27 733,47;18 538,29;1 737 358,90
18.05.2028;46 271,76;46 271,76;28 613,36;17 658,40;1 708 745,54
18.06.2028;46 271,76;46 271,76;28 325,26;17 946,50;1 680 420,28
18.07.2028;46 271,76;46 271,76;29 192,08;17 079,68;1 651 228,20
18.08.2028;46 271,76;46 271,76;28 929,35;17 342,41;1 622 298,85
18.09.2028;46 271,76;46 271,76;29 233,19;17 038,57;1 593 065,66
18.10.2028;46 271,76;46 271,76;30 079,95;16 191,81;1 562 985,71
18.11.2028;46 271,76;46 271,76;29 856,14;16 415,62;1 533 129,57
18.12.2028;46 271,76;46 271,76;30 689,13;15 582,63;1 502 440,44
18.01.2029;46 271,76;46 271,76;30 466,92;15 804,84;1 471 973,52
18.02.2029;46 271,76;46 271,76;30 769,66;15 502,10;1 441 203,86
18.03.2029;46 271,76;46 271,76;32 562,56;13 709,20;1 408 641,30
18.04.2029;46 271,76;46 271,76;31 436,64;14 835,12;1 377 204,66
18.05.2029;46 271,76;46 271,76;32 235,59;14 036,17;1 344 969,07
18.06.2029;46 271,76;46 271,76;32 107,21;14 164,55;1 312 861,86
18.07.2029;46 271,76;46 271,76;32 891,36;13 380,40;1 279 970,50
18.08.2029;46 271,76;46 271,76;32 791,74;13 480,02;1 247 178,76
18.09.2029;46 271,76;46 271,76;33 137,09;13 134,67;1 214 041,67
18.10.2029;46 271,76;46 271,76;33 898,51;12 373,25;1 180 143,16
18.11.2029;46 271,76;46 271,76;33 843,07;12 428,69;1 146 300,09
18.12.2029;46 271,76;46 271,76;34 588,92;11 682,84;1 111 711,17
18.01.2030;46 271,76;46 271,76;34 563,77;11 707,99;1 077 147,40
18.02.2030;46 271,76;46 271,76;34 927,77;11 343,99;1 042 219,63
18.03.2030;46 271,76;46 271,76;36 357,82;9 913,94;1 005 861,81
18.04.2030;46 271,76;46 271,76;35 678,52;10 593,24;970 183,29
18.05.2030;46 271,76;46 271,76;36 383,86;9 887,90;933 799,43
18.06.2030;46 271,76;46 271,76;36 437,44;9 834,32;897 361,99
18.07.2030;46 271,76;46 271,76;37 126,04;9 145,72;860 235,95
18.08.2030;46 271,76;46 271,76;37 212,18;9 059,58;823 023,77
18.09.2030;46 271,76;46 271,76;37 604,08;8 667,68;785 419,69
18.10.2030;46 271,76;46 271,76;38 266,93;8 004,83;747 152,76
18.11.2030;46 271,76;46 271,76;38 403,12;7 868,64;708 749,64
18.12.2030;46 271,76;46 271,76;39 048,34;7 223,42;669 701,30
18.01.2031;46 271,76;46 271,76;39 218,80;7 052,96;630 482,50
18.02.2031;46 271,76;46 271,76;39 631,83;6 639,93;590 850,67
18.03.2031;46 271,76;46 271,76;40 651,39;5 620,37;550 199,28
18.04.2031;46 271,76;46 271,76;40 477,33;5 794,43;509 721,95
18.05.2031;46 271,76;46 271,76;41 076,79;5 194,97;468 645,16
18.06.2031;46 271,76;46 271,76;41 336,22;4 935,54;427 308,94
18.07.2031;46 271,76;46 271,76;41 916,72;4 355,04;385 392,22
18.08.2031;46 271,76;46 271,76;42 213,00;4 058,76;343 179,22
18.09.2031;46 271,76;46 271,76;42 657,57;3 614,19;300 521,65
18.10.2031;46 271,76;46 271,76;43 208,91;3 062,85;257 312,74
18.11.2031;46 271,76;46 271,76;43 561,87;2 709,89;213 750,87
18.12.2031;46 271,76;46 271,76;44 093,26;2 178,50;169 657,61
18.01.2032;46 271,76;46 271,76;44 487,85;1 783,91;125 169,76
18.02.2032;46 271,76;46 271,76;44 957,14;1 314,62;80 212,62
18.03.2032;46 271,76;46 271,76;45 483,66;788,10;34 728,96
18.04.2032;35 093,71;35 093,71;34 728,96;364,75;0,00
